53021485622
02312611282
85111551841
57071065324
76112044782
89100695453
79032967289
91091324793
91060618694
76091277548
98051495841
61080684443
84081823545
61081776288
01302142562
06251134439
07311874382
48050957651
86041447363
69101361757
75010845996
07211397376
53111171688
05221712754
88061217595
67102582555
99051681265
73031535166
82110811963
49092419983
74062277984
80013116112
71090396379
58111813211
66121385994
70030711641
92070683513
74041272933
65010923552
50083033552
77111466489
82041995349
93112262541
02271425296
68041498273
07321696615
67041046691
51042078225
92101437735
72101356742
52102786467
76092349325
78110785827
82012116513
48030211577
52011838996
53032937679
87092895327
51070141955
72020774423
86092028463
85122552965
63040486298
77060777517
98100171177
64052476147
90072085128
56021971232
77011471163
48072125135
64102693371
59010823974
59011365866
60032133752
00271489737
90063017981
68102297436
70070851576
99031138857
71021561517
61061975395
59112976475
01252326634
69090439927
58030827881
91082496647
63121912823
97051954358
79060526658
90051293733
75091113511
92050815752
82010357215
72120657297
67092651466
51111235331
62072843226
83082076693
03242041279
02262819897
